1 2 4 5 4
2 3 | 56
3 57 58 59 60
4 6 4 | 56
5 61 62 63 64 14
6 65 58 59 66 67 68 69 8 70 60 7 14
7 71 69 10 70 60 | 56
8 59 72 12 9
9 73 59 72 12 9 | 56
10 59 72 13 11
11 73 59 72 13 11 | 56
12 74 | 75 | 76 | 77 69 54 70 78 13
13 74 | 75 | 76
14 79 15 80
15 16 15 | 56
16 17 | 20 | 46 | 47 | 52
17 81 82 59 83 60 | 84 82 18 83 60
18 59 19 | 85 | 86 | 87 | 88
19 69 59 70 | 56
20 21 | 26
21 59 22
22 23 | 24
23 89 32 60
24 69 25 70 89 32 60
25 85 | 59
26 27 90 58 59 91 92 28 60
27 69 28 70 89 | 56
28 59 29
29 73 59 29 | 56
30 93 94 | 95 94
31 18 | 82 34 83
32 34 33 | 30
33 44 34 33 | 56
34 36 35
35 45 36 35 | 56
36 39 37
37 38 39 37 | 56
38 95 | 93
39 42 40
40 41 42 40 | 56
41 96 | 97
42 82 32 83
42 18
44 98 | 99
45 100 | 101 | 102 | 103 | 104 | 105
46 57 28 72 12 60
47 106 82 59 83 79 48 51 80
48 107 50 72 15 108 60 49
49 107 50 72 15 108 60 49 | 56
50 85 | 87 | 88
51 109 72 15 108 60 | 56
52 110 82 59 111 54 83 79 15 80
52 112 82 113 83 79 15 80
54 85 114 85
